Intrinsic parameters: [a11] ... [a33] 
1298.035552	0.000000	968.392428	0.000000	1294.199332	628.549138	0.000000	0.000000	1.000000	

Extrinsic parameters : [r11] ... [r33][t1][t2][t3] 
[Image 00] 0.946866	0.075220	-0.312708	-0.000577	-0.971868	-0.235525	-0.321627	0.223191	-0.920186	-3.622813	4.369627	22.186767	
[Image 01] 0.951600	0.071879	-0.298817	0.053131	-0.996102	-0.070409	-0.302713	0.051125	-0.951710	-3.685867	2.878426	22.362919	
[Image 02] 0.959531	0.063206	-0.274419	0.079126	-0.995741	0.047324	-0.270259	-0.067122	-0.960445	-3.442994	4.482352	23.524564	
[Image 03] 0.869030	0.116290	-0.480898	0.142617	-0.989607	0.018417	-0.473758	-0.084589	-0.876583	-4.171499	4.207195	24.699119	
[Image 04] 0.939176	0.080680	-0.333824	0.057589	-0.995248	-0.078517	-0.338572	0.054516	-0.939360	-3.662033	4.378130	14.844415	
[Image 05] 0.946247	0.075930	-0.314406	-0.001215	-0.971213	-0.238209	-0.323442	0.225787	-0.918915	-3.727567	4.511529	14.217032	
[Image 06] 0.950090	0.069510	-0.304132	0.120023	-0.981271	0.150672	-0.287963	-0.179655	-0.940639	-3.593984	4.841997	16.280646	
[Image 07] 0.850744	0.122422	-0.511124	0.209856	-0.970732	0.116791	-0.481866	-0.206622	-0.851535	-4.003125	4.371065	17.184499	
[Image 08] 0.766936	0.142536	-0.625693	0.121299	-0.989643	-0.076764	-0.630155	-0.017023	-0.776283	-3.881926	7.534890	27.617566	
[Image 09] 0.691083	0.173085	-0.701745	0.293175	-0.954573	0.053275	-0.660646	-0.242552	-0.710434	-3.793267	3.886674	18.257206	
[Image 10] 0.655454	0.181847	-0.733016	0.222096	-0.974074	-0.043054	-0.721841	-0.134580	-0.678848	-3.677650	4.347142	24.260597	
[Image 11] 0.561705	0.190386	-0.805134	0.164301	-0.979449	-0.116980	-0.810859	-0.066576	-0.581442	-3.213604	7.490509	27.874849	
[Image 12] 0.579235	0.216662	-0.785840	0.388250	-0.920990	0.032251	-0.716763	-0.323783	-0.617588	-2.622674	-1.340518	36.773494	
[Image 13] 0.607724	0.193403	-0.770238	0.141192	-0.980753	-0.134861	-0.781496	-0.026793	-0.623334	-3.689828	2.784651	23.369743	
[Image 14] 0.653212	0.184793	-0.734279	0.136540	-0.982611	-0.125824	-0.744763	-0.018069	-0.667085	-3.667800	3.969370	16.726895	
[Image 15] 0.618360	0.190939	-0.762348	0.006897	-0.971318	-0.237683	-0.785865	0.141715	-0.601941	-3.274235	4.314289	23.948243	
[Image 16] 0.790952	0.147911	-0.593732	0.109241	-0.988889	-0.100825	-0.602048	0.014888	-0.798321	-3.873376	2.557706	24.269974	
[Image 17] 0.822997	0.137553	-0.551140	0.002852	-0.971227	-0.238139	-0.568039	0.194416	-0.799709	-4.333583	4.386002	23.020602	
[Image 18] 0.866447	0.119156	-0.484841	0.001360	-0.971663	-0.236368	-0.499266	0.204142	-0.842057	-3.727217	4.460523	14.688828	
[Image 19] 0.828175	0.134845	-0.544007	0.097363	-0.990482	-0.097291	-0.551948	0.027608	-0.833421	-3.921326	4.242115	15.543806	
[Image 20] 0.722445	0.167334	-0.670874	0.002518	-0.970904	-0.239458	-0.691423	0.171306	-0.701846	-3.657520	4.491928	15.757084	
[Image 21] 0.677730	0.181972	-0.712438	-0.144720	-0.916933	-0.371874	-0.720929	0.355134	-0.595098	-3.636891	5.837581	24.900665	
[Image 22] 0.585663	0.200578	-0.785346	-0.159927	-0.921257	-0.354554	-0.794621	0.333247	-0.507468	-3.128288	4.112683	16.167590	
[Image 23] 0.900645	0.086844	-0.425789	0.220945	-0.935241	0.276600	-0.374194	-0.343195	-0.861508	-3.684894	4.173055	15.620632	
[Image 24] 0.593509	0.179617	-0.784529	0.429673	-0.894955	0.120155	-0.680536	-0.408404	-0.608340	-3.396480	2.909201	17.573781	
[Image 25] 0.754888	0.142383	-0.640212	0.346405	-0.915443	0.204860	-0.556909	-0.376419	-0.740379	-3.993976	3.336084	16.840243	
[Image 26] 0.857218	0.127595	-0.498896	-0.103172	-0.906617	-0.409146	-0.504512	0.402199	-0.764005	-3.915291	5.769974	24.036441	
[Image 27] 0.999848	-0.014829	-0.009115	-0.015288	-0.998501	-0.052562	-0.008322	0.052694	-0.998576	-3.200020	8.452484	23.880355	
[Image 28] 0.999806	-0.010232	0.016806	-0.011188	-0.998265	0.057806	0.016185	-0.057982	-0.998186	-3.221906	4.812061	22.464015	
[Image 29] 0.999918	-0.006629	0.010997	-0.005934	-0.998051	-0.062126	0.011387	0.062055	-0.998008	-3.135487	3.217782	20.571356	
[Image 30] 0.999818	-0.007570	0.017498	-0.003259	-0.972141	-0.234372	0.018785	0.234273	-0.971989	-3.247820	4.416486	19.203310	
[Image 31] 0.999965	-0.003252	-0.007695	-0.003702	-0.998245	-0.059097	-0.007489	0.059124	-0.998223	-3.057536	4.605123	13.496680	
[Image 32] 0.999975	-0.002141	-0.006803	-0.003681	-0.971921	-0.235278	-0.006108	0.235297	-0.971904	-3.083914	4.492419	13.366757	
[Image 33] 0.999758	-0.004099	0.021595	0.005491	-0.904721	-0.425969	0.021284	0.425985	-0.904480	-3.457315	5.078399	20.854417	
[Image 34] 0.999979	-0.002886	0.005806	-0.000100	-0.902282	-0.431145	0.006483	0.431136	-0.902264	-3.035091	3.115718	11.006380	
[Image 35] 0.892022	0.062767	-0.447613	0.286598	-0.844323	0.452747	-0.349513	-0.532145	-0.771144	-3.149432	4.473576	19.182813	
[Image 36] 0.645740	0.156610	-0.747324	0.526992	-0.799663	0.287781	-0.552538	-0.579666	-0.598907	-2.057037	2.808185	20.628408	
[Image 37] 0.927785	0.091620	-0.361693	-0.075091	-0.903699	-0.421532	-0.365482	0.418251	-0.831558	-3.851832	3.573250	13.182664	
[Image 38] 0.811329	0.143936	-0.566592	-0.114850	-0.911080	-0.395907	-0.573196	0.386284	-0.722655	-4.170931	3.737656	14.214107	
[Image 39] 0.928606	-0.096319	0.358349	-0.022479	-0.978552	-0.204770	0.370387	0.182095	-0.910854	-2.335670	3.541422	21.320846	
[Image 40] 0.923336	-0.095402	0.371953	0.073990	-0.906292	-0.416126	0.376797	0.411745	-0.829753	-2.623305	5.715313	24.188492	
[Image 41] 0.869683	-0.127157	0.476951	-0.011206	-0.971087	-0.238461	0.493483	0.202041	-0.845963	-1.859370	4.372235	23.460127	
[Image 42] 0.910755	-0.102929	0.399915	0.078417	-0.907708	-0.412209	0.405434	0.406782	-0.818628	-1.923662	3.092510	10.852139	
[Image 43] 0.784859	-0.155551	0.599834	0.117500	-0.913064	-0.390523	0.608433	0.376987	-0.698349	-1.778690	3.082707	10.954210	
[Image 44] 0.848398	-0.132677	0.512462	0.103778	-0.907609	-0.406788	0.519087	0.398300	-0.756244	-1.801485	5.969595	24.670071	
[Image 45] 0.698725	-0.179797	0.692428	-0.038681	-0.975981	-0.214393	0.714344	0.123018	-0.688897	-1.607936	3.497024	21.985865	
[Image 46] 0.644577	-0.192211	0.739984	-0.038139	-0.974760	-0.219973	0.763588	0.113567	-0.635638	-1.338115	3.608988	21.191150	
[Image 47] 0.642134	-0.193953	0.741651	0.128094	-0.926716	-0.353255	0.755815	0.321838	-0.570231	0.217834	4.733079	22.231770	
[Image 48] 0.632363	-0.196673	0.749291	-0.011409	-0.969495	-0.244844	0.774588	0.146282	-0.615317	-0.675283	4.552165	12.030405	
[Image 49] 0.602347	-0.198093	0.773264	0.155078	-0.921220	-0.356797	0.783025	0.334832	-0.524175	-0.574154	3.337305	12.131166	
